Time [s]	Kenobi Ch.  1(Target)[mbar]	Kenobi Ch.  1(Read)[mbar]	Kenobi Ch.  2(Target)[mbar]	Kenobi Ch.  2(Read)[mbar]	Kenobi Ch.  3(Target)[mbar]	Kenobi Ch.  3(Read)[mbar]	Kenobi Ch.  4(Target)[mbar]	Kenobi Ch.  4(Read)[mbar]	hplc(Target) [µl/min]	hplc(Read)[µl/min]	hplc(Target) [µl/min]	hplc(Read)[µl/min]	Buffer2(Target) [µl/min]	Buffer2(Read)[µl/min]	bigsensor(Target) [µl/min]	bigsensor(Read)[µl/min]	
0.0370	0.0000	71.5332	0.0000	45.4102	0.0000	62.9883	0.0000	83.0078	0.0000	0.9240	0.0000	0.9240	0.0000	-0.0084	0.0000	-1083.5175	
0.1410	0.0000	71.7773	0.0000	45.6543	0.0000	62.9883	0.0000	83.0078	0.0000	0.8390	0.0000	0.8390	0.0000	-0.0102	0.0000	-1083.5175	
0.3410	0.0000	71.7773	0.0000	45.6543	0.0000	62.9883	0.0000	83.0078	0.0000	0.8921	0.0000	0.8921	0.0000	0.0009	0.0000	-1083.5175	
0.5420	0.0000	72.0215	0.0000	45.6543	0.0000	62.9883	0.0000	83.0078	0.0000	0.9346	0.0000	0.9346	0.0000	0.0065	0.0000	-1083.5175	
0.7410	0.0000	72.0215	0.0000	45.6543	0.0000	62.9883	0.0000	83.0078	0.0000	0.9027	0.0000	0.9027	0.0000	-0.0093	0.0000	-1083.5175	
0.9410	0.0000	71.7773	0.0000	45.6543	0.0000	62.7441	0.0000	83.0078	0.0000	0.9133	0.0000	0.9133	0.0000	0.0037	0.0000	-1083.5175	
1.1410	0.0000	72.0215	0.0000	45.6543	0.0000	62.9883	0.0000	83.0078	0.0000	0.8496	0.0000	0.8496	0.0000	-0.0102	0.0000	-1083.5175	
1.3410	0.0000	72.0215	0.0000	45.8984	0.0000	62.7441	0.0000	83.0078	0.0000	0.8921	0.0000	0.8921	0.0000	0.0000	0.0000	-1083.5175	
1.5410	0.0000	71.7773	0.0000	45.6543	0.0000	62.7441	0.0000	83.0078	0.0000	0.9027	0.0000	0.9027	0.0000	-0.0084	0.0000	-1083.5175	
1.7410	0.0000	72.0215	0.0000	45.8984	0.0000	62.9883	0.0000	83.0078	0.0000	0.8284	0.0000	0.8284	0.0000	-0.0084	0.0000	-1083.5175	
1.9410	0.0000	71.7773	0.0000	45.6543	0.0000	62.7441	0.0000	82.5195	0.0000	0.9027	0.0000	0.9027	0.0000	0.0019	0.0000	-1083.2520	
2.1410	0.0000	72.0215	0.0000	45.8984	0.0000	62.9883	0.0000	83.0078	0.0000	0.9346	0.0000	0.9346	0.0000	-0.0074	0.0000	-1083.5175	
2.3410	0.0000	71.7773	0.0000	45.4102	0.0000	62.5000	0.0000	82.5195	0.0000	0.8815	0.0000	0.8815	0.0000	0.0046	0.0000	-1082.7209	
2.5410	0.0000	72.0215	0.0000	45.6543	0.0000	62.9883	0.0000	83.0078	0.0000	0.8496	0.0000	0.8496	0.0000	-0.0074	0.0000	-1083.5175	
2.7410	0.0000	72.0215	0.0000	45.6543	0.0000	62.7441	0.0000	83.0078	0.0000	0.8284	0.0000	0.8284	0.0000	-0.0065	0.0000	-1083.3847	
2.9410	0.0000	72.0215	0.0000	45.6543	0.0000	62.7441	0.0000	82.7637	0.0000	0.8815	0.0000	0.8815	0.0000	-0.0056	0.0000	-1083.3847	
3.1410	0.0000	71.7773	0.0000	45.6543	0.0000	62.7441	0.0000	82.7637	0.0000	0.8921	0.0000	0.8921	0.0000	-0.0056	0.0000	-1083.5175	
3.3410	0.0000	72.0215	0.0000	45.6543	0.0000	62.9883	0.0000	83.0078	0.0000	0.8284	0.0000	0.8284	0.0000	0.0009	0.0000	-1083.5175	
3.5410	0.0000	71.7773	0.0000	45.4102	0.0000	62.7441	0.0000	82.5195	0.0000	0.9133	0.0000	0.9133	0.0000	-0.0093	0.0000	-1082.7209	
3.7410	0.0000	72.0215	0.0000	45.6543	0.0000	62.7441	0.0000	82.7637	0.0000	0.9346	0.0000	0.9346	0.0000	-0.0037	0.0000	-1083.5175	
3.9410	0.0000	72.0215	0.0000	45.6543	0.0000	62.7441	0.0000	83.0078	0.0000	0.8602	0.0000	0.8602	0.0000	-0.0074	0.0000	-1083.5175	
4.1410	0.0000	72.0215	0.0000	45.6543	0.0000	62.9883	0.0000	83.0078	0.0000	0.8496	0.0000	0.8496	0.0000	-0.0093	0.0000	-1083.5175	
4.3410	0.0000	71.5332	0.0000	45.4102	0.0000	62.5000	0.0000	82.5195	0.0000	0.8496	0.0000	0.8496	0.0000	-0.0084	0.0000	-1082.7209	
4.5410	0.0000	71.7773	0.0000	45.8984	0.0000	62.9883	0.0000	83.0078	0.0000	0.8496	0.0000	0.8496	0.0000	-0.0074	0.0000	-1083.5175	
4.7410	0.0000	71.7773	0.0000	45.4102	0.0000	62.5000	0.0000	82.5195	0.0000	0.9240	0.0000	0.9240	0.0000	-0.0028	0.0000	-1082.8537	
4.9410	0.0000	72.0215	0.0000	45.6543	0.0000	62.7441	0.0000	83.0078	0.0000	0.8496	0.0000	0.8496	0.0000	0.0000	0.0000	-1083.5175	
5.1410	0.0000	72.0215	0.0000	45.6543	0.0000	62.9883	0.0000	82.7637	0.0000	0.9133	0.0000	0.9133	0.0000	0.0019	0.0000	-1083.3847	
5.3410	0.0000	71.7773	0.0000	45.4102	0.0000	62.5000	0.0000	82.5195	0.0000	0.8390	0.0000	0.8390	0.0000	-0.0028	0.0000	-1082.7209	
5.5410	0.0000	71.7773	0.0000	45.4102	0.0000	62.5000	0.0000	82.7637	0.0000	0.9240	0.0000	0.9240	0.0000	-0.0009	0.0000	-1083.5175	
5.7410	0.0000	71.7773	0.0000	45.6543	0.0000	62.7441	0.0000	82.7637	0.0000	0.8921	0.0000	0.8921	0.0000	-0.0084	0.0000	-1083.2520	
5.9410	0.0000	72.0215	0.0000	45.6543	0.0000	62.9883	0.0000	83.0078	0.0000	0.8921	0.0000	0.8921	0.0000	-0.0028	0.0000	-1083.5175	
6.1410	0.0000	71.5332	0.0000	45.4102	0.0000	62.5000	0.0000	82.7637	0.0000	0.8921	0.0000	0.8921	0.0000	-0.0056	0.0000	-1083.5175	
6.3410	0.0000	72.0215	0.0000	45.6543	0.0000	62.7441	0.0000	83.0078	0.0000	0.8284	0.0000	0.8284	0.0000	-0.0037	0.0000	-1083.5175	
6.5410	0.0000	71.7773	0.0000	45.4102	0.0000	62.5000	0.0000	83.0078	0.0000	0.8921	0.0000	0.8921	0.0000	-0.0009	0.0000	-1083.5175	
6.7410	0.0000	72.2656	0.0000	45.6543	0.0000	62.9883	0.0000	82.7637	0.0000	0.9452	0.0000	0.9452	0.0000	-0.0037	0.0000	-1083.5175	
6.9410	0.0000	71.7773	0.0000	45.4102	0.0000	62.7441	0.0000	82.7637	0.0000	0.8815	0.0000	0.8815	0.0000	-0.0019	0.0000	-1082.7209	
7.1420	0.0000	72.0215	0.0000	45.6543	0.0000	62.9883	0.0000	83.0078	0.0000	0.8390	0.0000	0.8390	0.0000	-0.0028	0.0000	-1083.5175	
7.3410	0.0000	71.7773	0.0000	45.4102	0.0000	62.5000	0.0000	82.5195	0.0000	0.8708	0.0000	0.8708	0.0000	-0.0074	0.0000	-1082.7209	
7.5410	0.0000	72.0215	0.0000	45.8984	0.0000	63.2324	0.0000	83.0078	0.0000	0.9133	0.0000	0.9133	0.0000	0.0065	0.0000	-1083.5175	
7.7420	0.0000	71.7773	0.0000	45.6543	0.0000	62.7441	0.0000	82.7637	0.0000	0.8815	0.0000	0.8815	0.0000	-0.0102	0.0000	-1083.2520	
7.9410	0.0000	72.0215	0.0000	45.8984	0.0000	62.9883	0.0000	83.0078	0.0000	0.8815	0.0000	0.8815	0.0000	-0.0084	0.0000	-1083.5175	
8.1420	0.0000	71.7773	0.0000	45.4102	0.0000	62.5000	0.0000	82.5195	0.0000	0.8708	0.0000	0.8708	0.0000	-0.0074	0.0000	-1082.8537	
8.3410	0.0000	72.0215	0.0000	45.6543	0.0000	62.9883	0.0000	83.0078	0.0000	0.8496	0.0000	0.8496	0.0000	-0.0019	0.0000	-1083.5175	
8.5410	0.0000	72.2656	0.0000	45.6543	0.0000	62.9883	0.0000	83.0078	0.0000	0.8708	0.0000	0.8708	0.0000	-0.0019	0.0000	-1083.5175	
8.7410	0.0000	72.0215	0.0000	45.6543	0.0000	62.9883	0.0000	83.0078	0.0000	0.9452	0.0000	0.9452	0.0000	-0.0009	0.0000	-1083.5175	
8.9410	0.0000	72.0215	0.0000	45.6543	0.0000	62.7441	0.0000	82.7637	0.0000	0.8177	0.0000	0.8177	0.0000	0.0000	0.0000	-1083.5175	
9.1410	0.0000	72.0215	0.0000	45.6543	0.0000	63.2324	0.0000	83.0078	0.0000	0.8708	0.0000	0.8708	0.0000	-0.0028	0.0000	-1083.5175	
9.3410	0.0000	72.0215	0.0000	45.8984	0.0000	62.9883	0.0000	83.0078	0.0000	0.8177	0.0000	0.8177	0.0000	0.0046	0.0000	-1083.5175	
9.5410	0.0000	71.7773	0.0000	45.4102	0.0000	62.7441	0.0000	82.5195	0.0000	0.8815	0.0000	0.8815	0.0000	-0.0009	0.0000	-1082.7209	
9.7410	0.0000	71.5332	0.0000	45.4102	0.0000	62.9883	0.0000	83.0078	0.0000	0.8496	0.0000	0.8496	0.0000	-0.0056	0.0000	-1083.5175	
9.9420	0.0000	72.0215	0.0000	45.6543	0.0000	62.9883	0.0000	83.0078	0.0000	0.8708	0.0000	0.8708	0.0000	-0.0028	0.0000	-1083.5175	
10.1420	0.0000	71.7773	0.0000	45.6543	0.0000	62.7441	0.0000	82.7637	0.0000	0.8602	0.0000	0.8602	0.0000	-0.0056	0.0000	-1083.5175	
10.3410	0.0000	71.7773	0.0000	45.6543	0.0000	62.9883	0.0000	82.7637	0.0000	0.8071	0.0000	0.8071	0.0000	-0.0037	0.0000	-1083.3847	
10.5420	0.0000	71.7773	0.0000	45.4102	0.0000	62.7441	0.0000	82.7637	0.0000	0.8815	0.0000	0.8815	0.0000	-0.0084	0.0000	-1082.8537	
10.7420	0.0000	71.7773	0.0000	45.8984	0.0000	62.9883	0.0000	82.7637	0.0000	0.8708	0.0000	0.8708	0.0000	-0.0028	0.0000	-1083.5175	
10.9410	0.0000	71.7773	0.0000	45.4102	0.0000	62.5000	0.0000	82.7637	0.0000	0.8177	0.0000	0.8177	0.0000	-0.0065	0.0000	-1082.9865	
11.1410	0.0000	71.7773	0.0000	45.6543	0.0000	62.7441	0.0000	82.7637	0.0000	0.8708	0.0000	0.8708	0.0000	-0.0056	0.0000	-1083.3847	
11.3410	0.0000	71.7773	0.0000	45.4102	0.0000	62.5000	0.0000	82.7637	0.0000	0.8921	0.0000	0.8921	0.0000	-0.0037	0.0000	-1083.5175	
11.5410	0.0000	72.0215	0.0000	45.6543	0.0000	62.7441	0.0000	82.7637	0.0000	0.8602	0.0000	0.8602	0.0000	-0.0093	0.0000	-1083.3847	
11.7410	0.0000	72.2656	0.0000	45.8984	0.0000	62.9883	0.0000	83.0078	0.0000	0.8708	0.0000	0.8708	0.0000	0.0009	0.0000	-1083.5175	
11.9410	0.0000	72.0215	0.0000	45.6543	0.0000	62.9883	0.0000	82.7637	0.0000	0.9027	0.0000	0.9027	0.0000	-0.0102	0.0000	-1083.5175	
12.1420	0.0000	71.5332	0.0000	45.6543	0.0000	62.9883	0.0000	83.0078	0.0000	0.9558	0.0000	0.9558	0.0000	-0.0084	0.0000	-1083.5175	
12.3410	0.0000	72.2656	0.0000	45.8984	0.0000	62.9883	0.0000	83.0078	0.0000	0.8815	0.0000	0.8815	0.0000	0.0056	0.0000	-1083.5175	
12.5410	0.0000	72.0215	0.0000	45.6543	0.0000	62.9883	0.0000	83.0078	0.0000	0.8602	0.0000	0.8602	0.0000	-0.0074	0.0000	-1083.5175	
12.7410	0.0000	71.5332	0.0000	45.4102	0.0000	62.7441	0.0000	82.7637	0.0000	0.9027	0.0000	0.9027	0.0000	-0.0037	0.0000	-1083.1192	
12.9410	0.0000	71.5332	0.0000	45.4102	0.0000	62.7441	0.0000	83.0078	0.0000	0.9240	0.0000	0.9240	0.0000	-0.0046	0.0000	-1083.5175	
13.1430	0.0000	71.7773	0.0000	45.4102	0.0000	62.5000	0.0000	82.5195	0.0000	0.8602	0.0000	0.8602	0.0000	-0.0019	0.0000	-1082.7209	
13.3410	0.0000	71.5332	0.0000	45.4102	0.0000	62.7441	0.0000	82.7637	0.0000	0.8921	0.0000	0.8921	0.0000	-0.0074	0.0000	-1083.2520	
13.5410	0.0000	72.0215	0.0000	45.4102	0.0000	62.7441	0.0000	82.5195	0.0000	0.8708	0.0000	0.8708	0.0000	-0.0028	0.0000	-1082.7209	
13.7420	0.0000	71.5332	0.0000	45.6543	0.0000	62.9883	0.0000	82.7637	0.0000	0.9240	0.0000	0.9240	0.0000	-0.0019	0.0000	-1083.5175	
13.9410	0.0000	72.2656	0.0000	45.6543	0.0000	62.9883	0.0000	83.0078	0.0000	0.7965	0.0000	0.7965	0.0000	-0.0084	0.0000	-1083.3847	
14.1410	0.0000	72.0215	0.0000	45.8984	0.0000	62.7441	0.0000	83.0078	0.0000	0.7965	0.0000	0.7965	0.0000	0.0028	0.0000	-1083.5175	
14.3410	0.0000	72.0215	0.0000	45.6543	0.0000	62.7441	0.0000	82.7637	0.0000	0.8496	0.0000	0.8496	0.0000	-0.0028	0.0000	-1083.5175	
14.5410	0.0000	72.0215	0.0000	45.6543	0.0000	62.9883	0.0000	83.0078	0.0000	0.8071	0.0000	0.8071	0.0000	-0.0009	0.0000	-1083.5175	
14.7410	0.0000	72.0215	0.0000	45.4102	0.0000	62.7441	0.0000	82.7637	0.0000	0.8496	0.0000	0.8496	0.0000	-0.0074	0.0000	-1083.2520	
14.9410	0.0000	71.7773	0.0000	45.6543	0.0000	62.9883	0.0000	83.0078	0.0000	0.8496	0.0000	0.8496	0.0000	-0.0065	0.0000	-1083.5175	
15.1410	0.0000	72.0215	0.0000	45.6543	0.0000	62.9883	0.0000	83.0078	0.0000	0.8815	0.0000	0.8815	0.0000	-0.0009	0.0000	-1083.5175	
15.3410	0.0000	72.0215	0.0000	45.8984	0.0000	62.9883	0.0000	83.0078	0.0000	0.8921	0.0000	0.8921	0.0000	-0.0074	0.0000	-1083.5175	
15.5410	0.0000	72.2656	0.0000	45.8984	0.0000	62.9883	0.0000	83.0078	0.0000	0.8390	0.0000	0.8390	0.0000	-0.0056	0.0000	-1083.5175	
15.7410	0.0000	71.7773	0.0000	45.6543	0.0000	62.7441	0.0000	82.7637	0.0000	0.9133	0.0000	0.9133	0.0000	-0.0056	0.0000	-1083.5175	
15.9410	0.0000	71.7773	0.0000	45.8984	0.0000	62.9883	0.0000	82.7637	0.0000	0.8815	0.0000	0.8815	0.0000	0.0028	0.0000	-1083.5175	
16.1410	0.0000	72.0215	0.0000	45.6543	0.0000	62.9883	0.0000	83.0078	0.0000	0.8815	0.0000	0.8815	0.0000	-0.0065	0.0000	-1083.3847	
16.3410	0.0000	72.0215	0.0000	45.6543	0.0000	62.9883	0.0000	83.0078	0.0000	0.8390	0.0000	0.8390	0.0000	-0.0046	0.0000	-1083.3847	
16.5410	0.0000	71.7773	0.0000	45.6543	0.0000	62.9883	0.0000	82.7637	0.0000	0.9027	0.0000	0.9027	0.0000	-0.0037	0.0000	-1083.5175	
16.7410	0.0000	72.0215	0.0000	45.4102	0.0000	62.7441	0.0000	82.7637	0.0000	0.9027	0.0000	0.9027	0.0000	-0.0037	0.0000	-1083.2520	
16.9410	0.0000	71.7773	0.0000	45.4102	0.0000	62.5000	0.0000	82.7637	0.0000	0.8921	0.0000	0.8921	0.0000	-0.0028	0.0000	-1083.1192	
17.1410	0.0000	72.0215	0.0000	45.8984	0.0000	62.7441	0.0000	83.0078	0.0000	0.9027	0.0000	0.9027	0.0000	-0.0019	0.0000	-1083.5175	
17.3420	0.0000	72.0215	0.0000	45.6543	0.0000	62.9883	0.0000	83.0078	0.0000	0.8390	0.0000	0.8390	0.0000	0.0000	0.0000	-1083.5175	
17.5420	0.0000	72.0215	0.0000	45.6543	0.0000	62.7441	0.0000	83.0078	0.0000	0.8602	0.0000	0.8602	0.0000	-0.0028	0.0000	-1083.3847	
17.7420	0.0000	72.0215	0.0000	45.6543	0.0000	62.9883	0.0000	83.0078	0.0000	0.8708	0.0000	0.8708	0.0000	-0.0093	0.0000	-1083.3847	
17.9410	0.0000	71.7773	0.0000	45.6543	0.0000	62.7441	0.0000	83.0078	0.0000	0.8496	0.0000	0.8496	0.0000	0.0056	0.0000	-1083.3847	
18.1410	0.0000	72.0215	0.0000	45.6543	0.0000	62.9883	0.0000	83.0078	0.0000	0.8921	0.0000	0.8921	0.0000	-0.0046	0.0000	-1083.5175	
18.3410	0.0000	71.7773	0.0000	45.6543	0.0000	62.7441	0.0000	82.7637	0.0000	0.8921	0.0000	0.8921	0.0000	0.0009	0.0000	-1083.5175	
18.5410	0.0000	71.7773	0.0000	45.6543	0.0000	62.7441	0.0000	83.0078	0.0000	0.8815	0.0000	0.8815	0.0000	-0.0074	0.0000	-1083.3847	
18.7420	0.0000	72.0215	0.0000	45.6543	0.0000	62.9883	0.0000	82.7637	0.0000	0.8071	0.0000	0.8071	0.0000	-0.0046	0.0000	-1083.5175	
18.9410	0.0000	71.7773	0.0000	45.4102	0.0000	62.7441	0.0000	82.7637	0.0000	0.8602	0.0000	0.8602	0.0000	-0.0019	0.0000	-1083.1192	
19.1410	0.0000	72.0215	0.0000	45.6543	0.0000	62.9883	0.0000	83.0078	0.0000	0.8390	0.0000	0.8390	0.0000	-0.0093	0.0000	-1083.5175	
19.3410	0.0000	72.0215	0.0000	45.6543	0.0000	62.9883	0.0000	83.0078	0.0000	0.8390	0.0000	0.8390	0.0000	0.0000	0.0000	-1083.5175	
19.5410	0.0000	71.7773	0.0000	45.4102	0.0000	62.7441	0.0000	82.7637	0.0000	0.8177	0.0000	0.8177	0.0000	-0.0074	0.0000	-1083.5175	
19.7420	0.0000	71.5332	0.0000	45.6543	0.0000	62.9883	0.0000	83.0078	0.0000	0.8815	0.0000	0.8815	0.0000	-0.0037	0.0000	-1083.5175	
19.9420	0.0000	72.0215	0.0000	45.6543	0.0000	62.7441	0.0000	83.0078	0.0000	0.7965	0.0000	0.7965	0.0000	-0.0046	0.0000	-1083.5175	
20.1410	0.0000	72.0215	0.0000	45.6543	0.0000	62.7441	0.0000	83.0078	0.0000	0.8284	0.0000	0.8284	0.0000	-0.0019	0.0000	-1083.3847	
20.3410	0.0000	71.5332	0.0000	45.4102	0.0000	62.7441	0.0000	82.7637	0.0000	0.8177	0.0000	0.8177	0.0000	-0.0019	0.0000	-1083.5175	
20.5410	0.0000	71.7773	0.0000	45.4102	0.0000	62.7441	0.0000	82.5195	0.0000	0.8815	0.0000	0.8815	0.0000	-0.0037	0.0000	-1082.7209	
20.7420	0.0000	72.0215	0.0000	45.6543	0.0000	62.9883	0.0000	83.0078	0.0000	0.8071	0.0000	0.8071	0.0000	-0.0046	0.0000	-1083.5175	
20.9410	0.0000	72.0215	0.0000	45.6543	0.0000	63.2324	0.0000	83.0078	0.0000	0.8602	0.0000	0.8602	0.0000	-0.0037	0.0000	-1083.5175	
21.1420	0.0000	71.7773	0.0000	45.4102	0.0000	62.5000	0.0000	82.7637	0.0000	0.9133	0.0000	0.9133	0.0000	0.0028	0.0000	-1083.2520	
21.3410	0.0000	72.0215	0.0000	45.8984	0.0000	62.9883	0.0000	83.0078	0.0000	0.8815	0.0000	0.8815	0.0000	-0.0065	0.0000	-1083.5175	
21.5410	0.0000	72.0215	0.0000	45.6543	0.0000	62.9883	0.0000	83.0078	0.0000	0.8177	0.0000	0.8177	0.0000	-0.0056	0.0000	-1083.5175	
21.7410	0.0000	72.0215	0.0000	45.6543	0.0000	62.7441	0.0000	83.0078	0.0000	0.8284	0.0000	0.8284	0.0000	-0.0019	0.0000	-1083.5175	
21.9410	0.0000	72.0215	0.0000	45.6543	0.0000	62.9883	0.0000	83.2520	0.0000	0.8177	0.0000	0.8177	0.0000	-0.0084	0.0000	-1083.5175	
22.1410	0.0000	72.0215	0.0000	45.6543	0.0000	62.7441	0.0000	82.7637	0.0000	0.8708	0.0000	0.8708	0.0000	-0.0130	0.0000	-1083.5175	
22.3410	0.0000	72.0215	0.0000	45.6543	0.0000	62.9883	0.0000	82.7637	0.0000	0.8708	0.0000	0.8708	0.0000	-0.0074	0.0000	-1083.5175	
22.5410	0.0000	72.0215	0.0000	45.6543	0.0000	62.7441	0.0000	83.0078	0.0000	0.8177	0.0000	0.8177	0.0000	-0.0056	0.0000	-1083.5175	
22.7410	0.0000	72.2656	0.0000	45.6543	0.0000	62.9883	0.0000	83.0078	0.0000	0.8177	0.0000	0.8177	0.0000	-0.0074	0.0000	-1083.5175	
22.9410	0.0000	71.7773	0.0000	45.4102	0.0000	62.7441	0.0000	82.7637	0.0000	0.8177	0.0000	0.8177	0.0000	-0.0046	0.0000	-1082.9865	
23.1410	0.0000	72.0215	0.0000	45.8984	0.0000	63.2324	0.0000	83.0078	0.0000	0.9027	0.0000	0.9027	0.0000	-0.0028	0.0000	-1083.5175	
23.3410	0.0000	72.0215	0.0000	45.4102	0.0000	62.5000	0.0000	82.7637	0.0000	0.7753	0.0000	0.7753	0.0000	-0.0037	0.0000	-1082.7209	
23.5410	0.0000	71.7773	0.0000	45.4102	0.0000	62.7441	0.0000	83.0078	0.0000	0.9452	0.0000	0.9452	0.0000	-0.0065	0.0000	-1083.3847	
23.7410	0.0000	71.7773	0.0000	45.6543	0.0000	62.7441	0.0000	82.7637	0.0000	0.9133	0.0000	0.9133	0.0000	-0.0093	0.0000	-1083.5175	
23.9410	0.0000	72.0215	0.0000	45.6543	0.0000	62.9883	0.0000	82.7637	0.0000	0.8071	0.0000	0.8071	0.0000	-0.0037	0.0000	-1083.5175	
24.1410	0.0000	71.7773	0.0000	45.4102	0.0000	62.7441	0.0000	82.7637	0.0000	0.8708	0.0000	0.8708	0.0000	-0.0046	0.0000	-1083.3847	
24.3410	0.0000	72.0215	0.0000	45.6543	0.0000	62.7441	0.0000	82.7637	0.0000	0.9452	0.0000	0.9452	0.0000	-0.0037	0.0000	-1083.3847	
24.5410	0.0000	72.0215	0.0000	45.8984	0.0000	62.9883	0.0000	83.0078	0.0000	0.8390	0.0000	0.8390	0.0000	0.0028	0.0000	-1083.5175	
24.7410	0.0000	72.0215	0.0000	45.6543	0.0000	62.7441	0.0000	83.0078	0.0000	0.8177	0.0000	0.8177	0.0000	-0.0093	0.0000	-1083.5175	
24.9410	0.0000	72.0215	0.0000	45.6543	0.0000	62.9883	0.0000	83.0078	0.0000	0.8177	0.0000	0.8177	0.0000	-0.0056	0.0000	-1083.5175	
25.1410	0.0000	72.0215	0.0000	45.6543	0.0000	62.9883	0.0000	82.7637	0.0000	0.9027	0.0000	0.9027	0.0000	-0.0074	0.0000	-1083.5175	
25.3410	0.0000	71.7773	0.0000	45.6543	0.0000	62.7441	0.0000	82.7637	0.0000	0.8284	0.0000	0.8284	0.0000	-0.0037	0.0000	-1082.7209	
25.5410	0.0000	72.0215	0.0000	45.6543	0.0000	62.9883	0.0000	82.7637	0.0000	0.8602	0.0000	0.8602	0.0000	0.0009	0.0000	-1083.5175	
25.7410	0.0000	72.0215	0.0000	45.8984	0.0000	62.9883	0.0000	83.0078	0.0000	0.7965	0.0000	0.7965	0.0000	-0.0037	0.0000	-1083.5175	
25.9410	0.0000	72.0215	0.0000	45.6543	0.0000	62.9883	0.0000	83.0078	0.0000	0.8921	0.0000	0.8921	0.0000	0.0000	0.0000	-1083.5175	
26.1420	0.0000	71.7773	0.0000	45.6543	0.0000	62.7441	0.0000	82.7637	0.0000	0.8496	0.0000	0.8496	0.0000	-0.0056	0.0000	-1083.2520	
26.3410	0.0000	72.0215	0.0000	45.8984	0.0000	62.9883	0.0000	83.0078	0.0000	0.8602	0.0000	0.8602	0.0000	-0.0028	0.0000	-1083.5175	
26.5420	0.0000	72.0215	0.0000	45.6543	0.0000	62.9883	0.0000	82.7637	0.0000	0.8815	0.0000	0.8815	0.0000	-0.0028	0.0000	-1083.5175	
26.7410	0.0000	72.0215	0.0000	45.8984	0.0000	62.9883	0.0000	83.0078	0.0000	0.8602	0.0000	0.8602	0.0000	-0.0028	0.0000	-1083.5175	
26.9410	0.0000	72.0215	0.0000	45.8984	0.0000	62.7441	0.0000	83.0078	0.0000	0.8284	0.0000	0.8284	0.0000	0.0037	0.0000	-1083.5175	
27.1420	0.0000	72.0215	0.0000	45.8984	0.0000	62.9883	0.0000	83.0078	0.0000	0.8390	0.0000	0.8390	0.0000	-0.0056	0.0000	-1083.5175	
27.3410	0.0000	72.0215	0.0000	45.6543	0.0000	62.9883	0.0000	83.0078	0.0000	0.8496	0.0000	0.8496	0.0000	0.0019	0.0000	-1083.5175	
27.5410	0.0000	72.2656	0.0000	45.8984	0.0000	62.9883	0.0000	83.0078	0.0000	0.9133	0.0000	0.9133	0.0000	-0.0019	0.0000	-1083.3847	
27.7420	0.0000	72.0215	0.0000	45.4102	0.0000	62.7441	0.0000	82.5195	0.0000	0.8921	0.0000	0.8921	0.0000	0.0046	0.0000	-1082.7209	
27.9410	0.0000	72.0215	0.0000	45.8984	0.0000	62.9883	0.0000	83.0078	0.0000	0.8496	0.0000	0.8496	0.0000	-0.0046	0.0000	-1083.5175	
28.1410	0.0000	72.0215	0.0000	45.8984	0.0000	62.9883	0.0000	83.0078	0.0000	0.8284	0.0000	0.8284	0.0000	-0.0065	0.0000	-1083.5175	
28.3410	0.0000	71.7773	0.0000	45.6543	0.0000	62.7441	0.0000	82.7637	0.0000	0.9133	0.0000	0.9133	0.0000	-0.0028	0.0000	-1083.3847	
28.5410	0.0000	71.7773	0.0000	45.6543	0.0000	62.7441	0.0000	82.7637	0.0000	0.8708	0.0000	0.8708	0.0000	-0.0084	0.0000	-1083.3847	
28.7410	0.0000	72.0215	0.0000	45.6543	0.0000	62.9883	0.0000	82.7637	0.0000	0.8177	0.0000	0.8177	0.0000	-0.0046	0.0000	-1083.5175	
28.9410	0.0000	72.0215	0.0000	45.6543	0.0000	62.9883	0.0000	83.0078	0.0000	0.8708	0.0000	0.8708	0.0000	-0.0074	0.0000	-1083.5175	
29.1410	0.0000	72.0215	0.0000	45.8984	0.0000	62.9883	0.0000	83.0078	0.0000	0.8708	0.0000	0.8708	0.0000	-0.0028	0.0000	-1083.5175	
29.3410	0.0000	72.0215	0.0000	45.6543	0.0000	62.9883	0.0000	83.0078	0.0000	0.8496	0.0000	0.8496	0.0000	-0.0074	0.0000	-1083.5175	
29.5410	0.0000	72.0215	0.0000	45.8984	0.0000	62.9883	0.0000	83.0078	0.0000	0.8177	0.0000	0.8177	0.0000	-0.0019	0.0000	-1083.5175	
29.7410	0.0000	71.7773	0.0000	45.6543	0.0000	62.5000	0.0000	82.7637	0.0000	0.8921	0.0000	0.8921	0.0000	-0.0019	0.0000	-1082.7209	
29.9410	0.0000	72.0215	0.0000	45.6543	0.0000	62.9883	0.0000	83.0078	0.0000	0.8177	0.0000	0.8177	0.0000	-0.0093	0.0000	-1083.5175	
30.1410	0.0000	71.7773	0.0000	45.6543	0.0000	62.7441	0.0000	82.7637	0.0000	0.8390	0.0000	0.8390	0.0000	0.0019	0.0000	-1083.1192	
30.3410	0.0000	72.0215	0.0000	45.6543	0.0000	62.7441	0.0000	82.7637	0.0000	0.8496	0.0000	0.8496	0.0000	-0.0028	0.0000	-1082.7209	
30.5410	0.0000	72.0215	0.0000	45.6543	0.0000	62.9883	0.0000	83.0078	0.0000	0.9027	0.0000	0.9027	0.0000	0.0019	0.0000	-1083.5175	
30.7420	0.0000	71.7773	0.0000	45.6543	0.0000	62.9883	0.0000	82.7637	0.0000	0.8496	0.0000	0.8496	0.0000	0.0019	0.0000	-1083.5175	
30.9420	0.0000	72.2656	0.0000	45.6543	0.0000	62.9883	0.0000	83.0078	0.0000	0.8284	0.0000	0.8284	0.0000	-0.0084	0.0000	-1083.5175	
31.1410	0.0000	72.0215	0.0000	45.6543	0.0000	62.9883	0.0000	82.7637	0.0000	0.7965	0.0000	0.7965	0.0000	-0.0028	0.0000	-1083.5175	
31.3410	0.0000	72.0215	0.0000	45.6543	0.0000	62.9883	0.0000	83.0078	0.0000	0.8390	0.0000	0.8390	0.0000	-0.0121	0.0000	-1083.5175	
31.5410	0.0000	72.0215	0.0000	45.6543	0.0000	62.9883	0.0000	82.7637	0.0000	0.7965	0.0000	0.7965	0.0000	-0.0093	0.0000	-1083.5175	
31.7410	0.0000	71.7773	0.0000	45.6543	0.0000	62.9883	0.0000	82.7637	0.0000	0.8390	0.0000	0.8390	0.0000	-0.0037	0.0000	-1083.5175	
31.9410	0.0000	71.7773	0.0000	45.6543	0.0000	62.7441	0.0000	82.7637	0.0000	0.8602	0.0000	0.8602	0.0000	-0.0074	0.0000	-1082.9865	
32.1410	0.0000	72.0215	0.0000	45.8984	0.0000	62.9883	0.0000	83.0078	0.0000	0.8390	0.0000	0.8390	0.0000	-0.0028	0.0000	-1083.5175	
32.3410	0.0000	71.7773	0.0000	45.4102	0.0000	62.5000	0.0000	82.5195	0.0000	0.8602	0.0000	0.8602	0.0000	-0.0037	0.0000	-1082.7209	
32.5410	0.0000	72.0215	0.0000	45.6543	0.0000	62.9883	0.0000	82.7637	0.0000	0.8284	0.0000	0.8284	0.0000	0.0000	0.0000	-1083.5175	
32.7410	0.0000	71.7773	0.0000	45.6543	0.0000	62.5000	0.0000	82.7637	0.0000	0.8496	0.0000	0.8496	0.0000	-0.0121	0.0000	-1082.7209	
32.9410	0.0000	72.0215	0.0000	45.8984	0.0000	62.9883	0.0000	83.0078	0.0000	0.8071	0.0000	0.8071	0.0000	-0.0046	0.0000	-1083.5175	
33.1410	0.0000	72.0215	0.0000	45.8984	0.0000	62.9883	0.0000	83.0078	0.0000	0.7965	0.0000	0.7965	0.0000	-0.0074	0.0000	-1083.3847	
